root 0.000000 0.000000 0.000000 0.000000 -0.000000 0.000000
lowerback 0.000000 0.000000 0.000000 -6.729213 39.911312 -5.475156
upperback 0.000000 0.000000 0.000000 0.000000 -0.000000 0.000000
thorax 0.000000 0.000000 0.000000 0.000000 -0.000000 24.064226
lowerneck 0.000000 0.000000 0.000000 0.000000 -0.000000 0.000000
upperneck 0.000000 0.000000 0.000000 0.000000 -0.000000 0.000000
head 0.000000 0.000000 0.000000 0.000000 -0.000000 0.000000
rclavicle 0.000000 0.000000 0.000000 3.376503 -2.165723 -57.359631
rhipjoint 0.000000 0.000000 0.000000 0.000000 -0.000000 0.000000
rhumerus 0.000000 0.000000 0.000000 0.000000 0.000000 -81.360016
rradius 0.000000 0.000000 0.000000 0.000000 0.000000 -34.950424
rwrist 0.000000 0.000000 0.000000 0.000000 -0.000000 0.000000
lhumerus 0.000000 0.000000 0.000000 0.000000 -0.000000 0.000000
rfingers 0.000000 0.000000 0.000000 0.000000 -0.000000 0.000000
rthumb 0.000000 0.000000 0.000000 0.000000 -0.000000 0.000000
lclavicle 0.000000 0.000000 0.000000 0.000000 -0.000000 0.000000
lhipjoint 0.000000 0.000000 0.000000 0.000000 -0.000000 0.000000
lhumerus 0.000000 0.000000 0.000000 0.000000 -0.000000 0.000000
lradius 0.000000 0.000000 0.000000 0.000000 -0.000000 0.000000
lwrist 0.000000 0.000000 0.000000 0.000000 -0.000000 0.000000
lhand 0.000000 0.000000 0.000000 0.000000 -0.000000 0.000000
lfingers 0.000000 0.000000 0.000000 0.000000 -0.000000 0.000000
lthumb 0.000000 0.000000 0.000000 0.000000 -0.000000 0.000000
rfemur 0.000000 0.000000 0.000000 0.000000 -0.000000 0.000000
rtibia 0.000000 0.000000 0.000000 0.000000 -0.000000 0.000000
rfoot 0.000000 0.000000 0.000000 0.000000 -0.000000 0.000000
rtoes 0.000000 0.000000 0.000000 0.000000 -0.000000 0.000000
lfemur 0.000000 0.000000 0.000000 0.000000 -0.000000 0.000000
ltibia 0.000000 0.000000 0.000000 0.000000 -0.000000 0.000000
