root 0.000000 0.000000 0.000000 0.000000 -0.000000 0.000000
lowerback 0.000000 0.000000 0.000000 0.000000 -0.000000 0.000000
upperback 0.000000 0.000000 0.000000 20.053520 0.000000 1.145915
thorax 0.000000 0.000000 0.000000 -17.499668 9.700347 -5.231626
lowerneck 0.000000 0.000000 0.000000 0.000000 -0.000000 0.000000
upperneck 0.000000 0.000000 0.000000 0.000000 -0.000000 0.000000
head 0.000000 0.000000 0.000000 0.000000 -0.000000 0.000000
rclavicle 0.000000 0.000000 0.000000 -7.100867 21.520357 49.387794
rhipjoint 0.000000 0.000000 0.000000 0.000000 69.899521 0.000000
rhumerus 0.000000 0.000000 0.000000 43.556835 13.912346 85.519928
rradius 0.000000 0.000000 0.000000 0.000000 -0.000000 32.085629
rwrist 0.000000 0.000000 0.000000 0.000000 -0.000000 0.000000
lhumerus 0.000000 0.000000 0.000000 4.877206 -53.388042 -73.773697
rfingers 0.000000 0.000000 0.000000 0.000000 -0.000000 0.000000
rthumb 0.000000 0.000000 0.000000 0.000000 -0.000000 0.000000
lclavicle 0.000000 0.000000 0.000000 7.876894 -4.704654 -59.338745
lhipjoint 0.000000 0.000000 0.000000 0.000000 22.918163 0.000000
lhumerus 0.000000 0.000000 0.000000 4.877206 -53.388042 -73.773697
lradius 0.000000 0.000000 0.000000 0.000000 0.000000 -14.896900
lwrist 0.000000 0.000000 0.000000 0.000000 -0.000000 0.000000
lhand 0.000000 0.000000 0.000000 0.000000 -0.000000 0.000000
lfingers 0.000000 0.000000 0.000000 0.000000 -0.000000 0.000000
lthumb 0.000000 0.000000 0.000000 0.000000 -0.000000 0.000000
rfemur 0.000000 0.000000 0.000000 180.000000 -79.729591 180.000000
rtibia 0.000000 0.000000 0.000000 0.000000 -0.000000 0.000000
rfoot 0.000000 0.000000 0.000000 0.000000 -0.000000 0.000000
rtoes 0.000000 0.000000 0.000000 0.000000 -0.000000 0.000000
lfemur 0.000000 0.000000 0.000000 0.000000 34.950001 0.000000
ltibia 0.000000 0.000000 0.000000 0.000000 -0.000000 0.000000
