root 0.000000 0.000000 0.000000 0.000000 0.000000 0.000000
lowerback 0.000000 0.000000 0.000000 0.000000 0.000000 0.000000
upperback 0.000000 0.000000 0.000000 0.000000 0.000000 0.000000
thorax 0.000000 0.000000 0.000000 0.000000 0.000000 0.000000
lowerneck 0.000000 0.000000 0.000000 0.000000 0.000000 0.000000
upperneck 0.000000 0.000000 0.000000 0.000000 0.000000 0.000000
head 0.000000 0.000000 0.000000 0.000000 0.000000 0.000000
rclavicle 0.000000 0.000000 0.000000 32.000000 33.000000 133.000000
rhipjoint 0.000000 0.000000 0.000000 -166.000000 13.000000 -3.000000
rhumerus 0.000000 0.000000 0.000000 41.000000 155.000000 -22.000000
rradius 0.000000 0.000000 0.000000 0.000000 0.000000 0.000000
rwrist 0.000000 0.000000 0.000000 0.000000 0.000000 0.000000
lhumerus 0.000000 0.000000 0.000000 0.000000 -152.000000 0.000000
rfingers 0.000000 0.000000 0.000000 0.000000 0.000000 0.000000
rthumb 0.000000 0.000000 0.000000 0.000000 0.000000 0.000000
lclavicle 0.000000 0.000000 0.000000 -25.000000 -153.000000 -161.000000
lhipjoint 0.000000 0.000000 0.000000 -159.000000 114.000000 4.000000
lhumerus 0.000000 0.000000 0.000000 0.000000 -152.000000 0.000000
lradius 0.000000 0.000000 0.000000 0.000000 0.000000 0.000000
lwrist 0.000000 0.000000 0.000000 0.000000 0.000000 0.000000
lhand 0.000000 0.000000 0.000000 0.000000 0.000000 0.000000
lfingers 0.000000 0.000000 0.000000 0.000000 0.000000 0.000000
lthumb 0.000000 0.000000 0.000000 0.000000 0.000000 0.000000
rfemur 0.000000 0.000000 0.000000 94.000000 0.000000 0.000000
rtibia 0.000000 0.000000 0.000000 0.000000 0.000000 0.000000
rfoot 0.000000 0.000000 0.000000 0.000000 0.000000 0.000000
rtoes 0.000000 0.000000 0.000000 0.000000 0.000000 0.000000
lfemur 0.000000 0.000000 0.000000 61.000000 40.000000 4.000000
ltibia 0.000000 0.000000 0.000000 0.000000 0.000000 0.000000
