root 0.000000 0.000000 0.000000 0.000000 0.000000 0.000000
lowerback 0.000000 0.000000 0.000000 -120.000000 0.000000 0.000000
upperback 0.000000 0.000000 0.000000 0.000000 0.000000 0.000000
thorax 0.000000 0.000000 0.000000 0.000000 0.000000 0.000000
lowerneck 0.000000 0.000000 0.000000 106.000000 0.000000 0.000000
upperneck 0.000000 0.000000 0.000000 0.000000 0.000000 0.000000
head 0.000000 0.000000 0.000000 0.000000 0.000000 0.000000
rclavicle 0.000000 0.000000 0.000000 0.000000 0.000000 108.000000
rhipjoint 0.000000 0.000000 0.000000 -53.000000 0.000000 32.000000
rhumerus 0.000000 0.000000 0.000000 0.000000 0.000000 102.000000
rradius 0.000000 0.000000 0.000000 0.000000 0.000000 0.000000
rwrist 0.000000 0.000000 0.000000 0.000000 0.000000 0.000000
lhumerus 0.000000 0.000000 0.000000 0.000000 0.000000 -133.000000
rfingers 0.000000 0.000000 0.000000 0.000000 0.000000 0.000000
rthumb 0.000000 0.000000 0.000000 0.000000 0.000000 0.000000
lclavicle 0.000000 0.000000 0.000000 1.000000 9.000000 -198.000000
lhipjoint 0.000000 0.000000 0.000000 -296.000000 0.000000 -34.000000
lhumerus 0.000000 0.000000 0.000000 0.000000 0.000000 -133.000000
lradius 0.000000 0.000000 0.000000 0.000000 0.000000 0.000000
lwrist 0.000000 0.000000 0.000000 0.000000 0.000000 0.000000
lhand 0.000000 0.000000 0.000000 0.000000 0.000000 0.000000
lfingers 0.000000 0.000000 0.000000 0.000000 0.000000 0.000000
lthumb 0.000000 0.000000 0.000000 0.000000 0.000000 0.000000
rfemur 0.000000 0.000000 0.000000 105.000000 0.000000 0.000000
rtibia 0.000000 0.000000 0.000000 0.000000 0.000000 0.000000
rfoot 0.000000 0.000000 0.000000 0.000000 0.000000 0.000000
rtoes 0.000000 0.000000 0.000000 0.000000 0.000000 0.000000
lfemur 0.000000 0.000000 0.000000 0.000000 0.000000 0.000000
ltibia 0.000000 0.000000 0.000000 0.000000 0.000000 0.000000
